24,72
24,71
24,70
24,69
24,68
24,67
24,66
24,65
24,64
24,63
24,62
24,61
24,60
24,59
24,58
24,57
24,56
24,55
24,54
24,53
24,52
24,51
24,50
24,49
24,48
24,47
24,46
24,45
24,44
24,43
24,42
24,41
24,40
24,39
24,38
24,37
24,36
24,35
24,34
24,33
24,32
24,31
24,30
24,29
24,28
24,27
24,26
24,25
24,24
24,23
24,22
24,21
24,20
24,19
24,18
24,17
24,16
24,15
24,14
24,13
24,12
24,11
24,10
24,9
24,8
24,7
24,6
24,5
24,4
24,3
24,2
24,1
24,0
23,5
23,4
23,3
23,2
23,1
23,0
4,3
4,1
4,0
0,759
0,647
0,646
0,645
0,644
0,643
0,642
0,641
0,640
0,639
0,638
0,637
0,636
0,635
0,634
0,633
0,632
0,631
0,630
0,629
0,628
0,627
1,1
0,626
1,3
0,625
1,0
2,1
2,3
2,0
0,9
0,310
0,305
0,308
0,304
0,303
0,302
0,307
0,12
0,10
0,8
0,0
0,753
0,300
0,752
0,299
0,751
0,298
0,297
0,296
0,750
0,295
0,749
0,294
0,338
0,293
0,337
0,292
0,336
0,291
0,748
0,290
0,747
0,289
0,746
0,288
0,745
0,287
0,744
0,286
0,335
0,285
0,334
0,284
0,743
0,283
0,742
0,282
0,281
0,280
0,333
0,279
0,741
0,278
0,740
0,277
0,739
0,276
0,738
0,275
0,737
24,73
24,74
24,76
24,77
24,79
24,80
24,82
24,84
24,85
24,87
24,88
24,90
24,92
24,93
24,95
24,96
24,98
24,99
24,101
24,103
24,104
24,106
24,107
24,109
24,111
24,112
24,114
24,115
24,117
24,118
24,120
24,122
24,123
24,125
24,126
24,128
24,130
24,131
24,133
24,134
24,136
24,137
24,139
24,141
24,142
24,144
24,145
24,147
24,149
24,150
24,152
24,153
24,155
24,157
24,158
24,160
24,161
24,163
24,164
24,166
24,192
24,193
24,195
24,196
24,198
24,200
24,201
24,203
24,204
24,206
24,207
24,209
24,211
24,212
24,214
24,215
24,217
24,219
24,220
24,222
24,223
24,225
24,226
24,228
24,230
24,231
24,233
24,234
24,236
24,238
24,239
24,241
24,242
24,244
24,246
24,247
24,249
24,250
24,252
24,253
24,255
24,257
24,258
24,260
24,261
24,263
24,265
24,266
24,268
24,269
24,271
24,272
24,274
24,276
24,277
24,279
24,280
24,282
24,284
24,285
24,287
24,288
24,290
24,291
24,293
24,295
24,296
24,298
24,299
24,301
24,303
24,304
24,306
24,307
24,309
24,310
24,312
24,314
24,315
24,317
24,318
24,320
24,322
24,323
24,325
24,326
24,328
24,330
24,331
24,333
24,334
24,336
24,337
24,339
24,341
24,342
24,344
24,345
24,347
24,349
24,350
24,352
24,353
24,355
24,356
24,358
24,360
24,361
24,363
24,364
24,366
24,368
24,369
24,371
24,372
24,374
24,375
24,377
24,379
24,380
24,382
24,383
24,385
24,387
24,388
24,390
24,391
24,393
24,395
24,396
24,398
24,399
24,401
24,402
24,404
24,406
24,407
24,409
24,410
24,412
24,414
24,415
24,417
24,418
24,420
24,421
24,423
24,425
24,426
24,428
24,429
24,431
24,433
24,434
24,436
24,437
24,439
24,440
24,442
24,444
24,445
24,447
24,448
24,450
24,452
24,453
24,455
24,456
24,458
24,459
24,461
24,463
24,464
24,466
24,467
24,469
24,471
24,472
24,474
24,475
24,477
24,479
24,480
24,482
24,483
24,485
24,486
24,488
24,490
24,491
24,493
24,494
24,496
24,498
24,499
24,501
24,502
24,504
24,505
24,507
24,509
24,510
24,512
24,513
24,515
24,517
24,518
24,520
24,521
24,523
24,524
24,526
24,528
24,529
24,531
24,532
24,534
24,536
24,537
24,539
24,540
24,542
24,544
24,545
24,547
24,548
24,550
24,551
24,553
24,555
24,556
24,558
24,559
24,561
24,563
24,564
24,566
24,567
24,569
24,570
24,572
24,574
24,575
24,577
24,578
24,580
24,582
24,583
24,585
24,586
24,588
24,589
24,591
24,593
24,594
24,596
24,597
24,599
24,601
24,602
24,604
24,605
24,607
24,609
24,610
24,612
24,613
24,615
24,616
24,618
24,620
24,621
24,623
24,624
24,626
24,628
24,629
24,631
24,632
24,634
24,635
24,637
24,639
24,640
24,642
24,643
24,645
24,647
24,648
24,650
24,651
24,653
24,654
24,656
24,658
24,659
24,661
24,662
24,664
24,666
24,667
24,669
24,670
24,672
24,673
24,675
24,677
24,678
24,680
24,681
24,683
24,685
24,686
24,688
24,689
24,691
24,693
24,694
24,696
24,697
24,699
24,700
24,702
24,704
24,705
24,707
24,708
24,710
24,712
24,713
24,715
24,716
24,718
24,719
24,721
24,723
24,724
24,726
24,727
24,729
24,731
24,732
24,734
24,735
24,737
24,738
24,740
24,742
24,743
24,745
24,746
24,748
24,750
24,751
24,753
24,754
24,756
24,758
24,759
24,761
24,762
24,764
24,765
24,767
24,769
24,770
24,772
24,773
24,775
24,777
24,778
24,780
24,781
24,783
24,784
24,786
24,788
24,789
24,791
24,792
24,794
24,796
24,797
24,799
24,800
24,802
24,803
24,805
24,807
24,808
24,810
24,811
24,813
24,815
24,816
24,818
24,819
24,821
24,822
24,824
24,826
24,827
24,829
24,830
24,832
24,834
24,835
24,837
24,838
24,840
24,842
24,843
24,845
24,846
24,848
24,849
24,851
24,853
24,854
24,856
24,857
24,859
24,861
24,862
24,864
24,865
24,867
24,868
24,870
24,872
24,873
24,875
24,876
24,878
24,880
24,881
24,883
24,884
24,886
24,887
24,889
24,891
24,892
24,894
24,895
24,897
24,899
24,900
24,902
24,903
24,905
24,907
24,908
24,910
24,911
24,913
24,914
24,916
24,918
24,919
24,921
24,922
24,924
24,926
24,927
24,929
24,930
24,932
24,933
24,935
24,937
24,938
24,940
24,941
24,943
24,945
24,946
24,948
24,949
24,951
24,952
24,954
24,956
24,957
24,959
24,960
24,962
24,964
24,965
24,967
24,968
24,970
24,971
24,973
24,975
24,976
24,978
24,979
24,981
24,983
24,984
24,986
24,987
24,989
24,991
24,992
24,994
24,995
24,997
24,998
24,1000
24,1002
24,1003
24,1005
24,1006
24,1008
24,1010
24,1011
24,1013
24,1014
24,1016
24,1017
24,1019
24,1021
24,1022
24,1024
24,1025
24,1027
24,1029
24,1030
24,1032
24,1033
24,1035
24,1036
24,1038
24,1040
24,1041
24,1043
24,1044
24,1046
24,1048
24,1049
24,1051
24,1052
24,1054
24,1056
24,1057
24,1059
24,1060
24,1062
24,1063
24,1065
24,1067
24,1068
24,1070
24,1071
24,1073
24,1075
24,1076
24,1078
24,1079
24,1081
24,1082
24,1084
24,1086
24,1087
24,1089
24,1090
24,1092
24,1094
24,1095
24,1097
24,1098
24,1100
24,1101
24,1103
24,1105
24,1106
24,1108
24,1109
24,1111
24,1113
24,1114
24,1116
24,1117
24,1119
24,1121
24,1122
24,1124
24,1125
24,1127
24,1128
24,1130
24,1132
24,1133
24,1135
24,1136
24,1138
24,1140
24,1141
24,1143
24,1144
24,1146
24,1147
24,1149
24,1151
24,1152
24,1154
24,1155
24,1157
24,1159
24,1160
24,1162
24,1163
24,1165
24,1166
24,1168
24,1170
24,1171
24,1173
24,1174
24,1176
24,1178
24,1179
24,1181
24,1182
24,1184
24,1185
24,1187
24,1189
24,1190
24,1192
24,1193
24,1195
24,1197
24,1198
24,1200
24,1201
24,1203
24,1205
24,1206
24,1208
24,1209
24,1211
24,1212
24,1214
24,1216
24,1217
24,1219
24,1220
24,1222
24,1224
24,1225
24,1227
24,1228
24,1230
24,1231
24,1233
24,1235
24,1236
24,1238
24,1239
24,1241
24,1243
24,1244
24,1246
24,1247
24,1249
24,1250
24,1252
24,1254
24,1255
24,1257
24,1258
24,1260
24,1262
24,1263
24,1265
24,1266
24,1268
24,1270
24,1271
24,1273
24,1274
24,1276
24,1277
24,1279
24,1281
24,1282
24,1284
24,1285
24,1287
24,1289
24,1290
24,1292
24,1293
24,1295
24,1296
24,1298
24,1300
24,1301
24,1303
24,1304
24,1306
24,1308
24,1309
24,1311
24,1312
24,1314
24,1315
24,1317
24,1319
24,1320
24,1322
24,1323
24,1325
24,1327
24,1328
24,1330
24,1331
24,1333
24,1334
24,1336
24,1338
24,1339
24,1341
24,1342
24,1344
24,1346
24,1347
24,1349
24,1350
24,1352
24,1354
24,1355
24,1357
24,1358
24,1360
24,1361
24,1363
24,1365
24,1366
24,1368
24,1369
24,1371
24,1373
24,1374
24,1376
24,1377
24,1379
24,1380
24,1382
24,1384
24,1385
24,1387
24,1388
24,1390
24,1392
24,1393
24,1395
24,1396
24,1398
24,1399
24,1401
24,1403
24,1404
24,1406
24,1407
24,1409
24,1411
24,1412
24,1414
24,1415
24,1417
24,1419
24,1420
24,1422
24,1423
24,1425
24,1426
24,1428
24,1430
24,1431
24,1433
24,1434
24,1436
24,1438
24,1439
24,1441
24,1442
24,1444
24,1445
24,1447
24,1449
24,1450
24,1452
24,1453
24,1455
24,1457
24,1458
24,1460
24,1461
24,1463
24,1464
24,1466
24,1468
24,1469
24,1471
24,1472
24,1474
24,1476
24,1477
24,1479
24,1480
24,1482
24,1483
24,1485
24,1487
24,1488
24,1490
24,1491
24,1493
24,1495
24,1496
24,1498
24,1499
24,1501
24,1503
24,1504
24,1506
24,1507
24,1509
24,1510
24,1512
24,1514
24,1515
24,1517
24,1518
24,1520
24,1522
24,1523
24,1525
24,1526
24,1528
24,1529
24,1531
24,1533
24,1534
24,1536
24,1537
24,1539
24,1541
24,1542
24,1544
24,1545
24,1547
24,1548
24,1550
24,1552
24,1553
24,1555
24,1556
24,1558
24,1560
24,1561
24,1563
24,1564
24,1566
24,1568
24,1569
24,1601
24,1602
24,1604
24,1605
24,1607
24,1609
24,1610
24,1612
24,1613
24,1615
24,1617
24,1618
24,1620
24,1621
24,1623
24,1624
24,1626
24,1628
24,1629
24,1631
24,1632
24,1634
24,1636
24,1637
24,1639
24,1640
24,1642
24,1643
24,1645
24,1647
24,1648
24,1650
24,1651
24,1653
24,1655
24,1656
24,1658
24,1659
24,1661
24,1663
24,1664
24,1666
24,1667
24,1669
24,1670
24,1672
24,1674
24,1675
24,1677
24,1678
24,1680
24,1682
24,1683
24,1685
24,1686
24,1688
24,1689
24,1691
24,1693
24,1694
24,1696
24,1697
24,1699
24,1701
24,1702
24,1704
24,1705
24,1707
24,1708
24,1710
24,1729
24,1730
24,1732
24,1733
24,1735
24,1737
24,1738
24,1740
24,1741
24,1743
24,1744
24,1746
24,1748
24,1749
24,1751
24,1752
24,1754
24,1756
24,1757
24,1759
24,1760
24,1762
24,1764
24,1765
24,1767
24,1768
24,1770
24,1771
24,1773
24,1775
24,1776
24,1778
24,1779
24,1781
24,1783
24,1784
24,1786
24,1787
24,1789
24,1790
24,1792
24,1794
24,1795
24,1797
24,1798
24,1800
24,1802
24,1803
24,1805
24,1806
24,1808
24,1809
24,1811
24,1813
24,1814
24,1816
24,1817
24,1819
24,1821
24,1822
24,1824
24,1825
24,1827
24,1829
24,1830
24,1832
24,1833
24,1835
24,1836
24,1838
24,1840
24,1841
24,1843
24,1844
24,1846
24,1848
24,1849
24,1851
24,1852
24,1854
24,1855
24,1857
24,1859
24,1860
24,1862
24,1863
24,1865
24,1867
24,1868
24,1870
24,1871
24,1873
24,1874
24,1876
24,1878
24,1879
24,1881
24,1882
24,1884
24,1886
24,1887
24,1889
24,1890
24,1892
24,1893
24,1895
24,1897
24,1898
24,1900
24,1901
24,1903
24,1905
24,1906
24,1908
24,1909
24,1911
24,1913
24,1914
24,1916
24,1917
24,1919
24,1920
24,1985
24,1987
24,1988
24,1990
24,1991
24,1993
24,1995
24,1996
24,1998
24,1999
24,2001
24,2002
24,2004
24,2006
24,2007
24,2009
24,2010
24,2012
24,2014
24,2015
25,1
25,2
25,4
26,0
26,2
26,4
27,0
27,2
27,3
28,1
28,3
29,0
29,2
29,3
29,5
30,1
30,2
30,4
31,0
31,2
31,3
31,4
31,1
30,3
30,0
29,4
29,1
28,2
28,0
27,1
26,3
26,1
25,3
25,0
24,2013
24,2011
24,2008
24,2005
24,2003
24,2000
24,1997
24,1994
24,1992
24,1989
24,1986
24,1984
24,1918
24,1915
24,1912
24,1910
24,1907
24,1904
24,1902
24,1899
24,1896
24,1894
24,1891
24,1888
24,1885
24,1883
24,1880
24,1877
24,1875
24,1872
24,1869
24,1866
24,1864
24,1861
24,1858
24,1856
24,1853
24,1850
24,1847
24,1845
24,1842
24,1839
24,1837
24,1834
24,1831
24,1828
24,1826
24,1823
24,1820
24,1818
24,1815
24,1812
24,1810
24,1807
24,1804
24,1801
24,1799
24,1796
24,1793
24,1791
24,1788
24,1785
24,1782
24,1780
24,1777
24,1774
24,1772
24,1769
24,1766
24,1763
24,1761
24,1758
24,1755
24,1753
24,1750
24,1747
24,1745
24,1742
24,1739
24,1736
24,1734
24,1731
24,1728
24,1709
24,1706
24,1703
24,1700
24,1698
24,1695
24,1692
24,1690
24,1687
24,1684
24,1681
24,1679
24,1676
24,1673
24,1671
24,1668
24,1665
24,1662
24,1660
24,1657
24,1654
24,1652
24,1649
24,1646
24,1644
24,1641
24,1638
24,1635
24,1633
24,1630
24,1627
24,1625
24,1622
24,1619
24,1616
24,1614
24,1611
24,1608
24,1606
24,1603
24,1600
24,1567
24,1565
24,1562
24,1559
24,1557
24,1554
24,1551
24,1549
24,1546
24,1543
24,1540
24,1538
24,1535
24,1532
24,1530
24,1527
24,1524
24,1521
24,1519
24,1516
24,1513
24,1511
24,1508
24,1505
24,1502
24,1500
24,1497
24,1494
24,1492
24,1489
24,1486
24,1484
24,1481
24,1478
24,1475
24,1473
24,1470
24,1467
24,1465
24,1462
24,1459
24,1456
24,1454
24,1451
24,1448
24,1446
24,1443
24,1440
24,1437
24,1435
24,1432
24,1429
24,1427
24,1424
24,1421
24,1418
24,1416
24,1413
24,1410
24,1408
24,1405
24,1402
24,1400
24,1397
24,1394
24,1391
24,1389
24,1386
24,1383
24,1381
24,1378
24,1375
24,1372
24,1370
24,1367
24,1364
24,1362
24,1359
24,1356
24,1353
24,1351
24,1348
24,1345
24,1343
24,1340
24,1337
24,1335
24,1332
24,1329
24,1326
24,1324
24,1321
24,1318
24,1316
24,1313
24,1310
24,1307
24,1305
24,1302
24,1299
24,1297
24,1294
24,1291
24,1288
24,1286
24,1283
24,1280
24,1278
24,1275
24,1272
24,1269
24,1267
24,1264
24,1261
24,1259
24,1256
24,1253
24,1251
24,1248
24,1245
24,1242
24,1240
24,1237
24,1234
24,1232
24,1229
24,1226
24,1223
24,1221
24,1218
24,1215
24,1213
24,1210
24,1207
24,1204
24,1202
24,1199
24,1196
24,1194
24,1191
24,1188
24,1186
24,1183
24,1180
24,1177
24,1175
24,1172
24,1169
24,1167
24,1164
24,1161
24,1158
24,1156
24,1153
24,1150
24,1148
24,1145
24,1142
24,1139
24,1137
24,1134
24,1131
24,1129
24,1126
24,1123
24,1120
24,1118
24,1115
24,1112
24,1110
24,1107
24,1104
24,1102
24,1099
24,1096
24,1093
24,1091
24,1088
24,1085
24,1083
24,1080
24,1077
24,1074
24,1072
24,1069
24,1066
24,1064
24,1061
24,1058
24,1055
24,1053
24,1050
24,1047
24,1045
24,1042
24,1039
24,1037
24,1034
24,1031
24,1028
24,1026
24,1023
24,1020
24,1018
24,1015
24,1012
24,1009
24,1007
24,1004
24,1001
24,999
24,996
24,993
24,990
24,988
24,985
24,982
24,980
24,977
24,974
24,972
24,969
24,966
24,963
24,961
24,958
24,955
24,953
24,950
24,947
24,944
24,942
24,939
24,936
24,934
24,931
24,928
24,925
24,923
24,920
24,917
24,915
24,912
24,909
24,906
24,904
24,901
24,898
24,896
24,893
24,890
24,888
24,885
24,882
24,879
24,877
24,874
24,871
24,869
24,866
24,863
24,860
24,858
24,855
24,852
24,850
24,847
24,844
24,841
24,839
24,836
24,833
24,831
24,828
24,825
24,823
24,820
24,817
24,814
24,812
24,809
24,806
24,804
24,801
24,798
24,795
24,793
24,790
24,787
24,785
24,782
24,779
24,776
24,774
24,771
24,768
24,766
24,763
24,760
24,757
24,755
24,752
24,749
24,747
24,744
24,741
24,739
24,736
24,733
24,730
24,728
24,725
24,722
24,720
24,717
24,714
24,711
24,709
24,706
24,703
24,701
24,698
24,695
24,692
24,690
24,687
24,684
24,682
24,679
24,676
24,674
24,671
24,668
24,665
24,663
24,660
24,657
24,655
24,652
24,649
24,646
24,644
24,641
24,638
24,636
24,633
24,630
24,627
24,625
24,622
24,619
24,617
24,614
24,611
24,608
24,606
24,603
24,600
24,598
24,595
24,592
24,590
24,587
24,584
24,581
24,579
24,576
24,573
24,571
24,568
24,565
24,562
24,560
24,557
24,554
24,552
24,549
24,546
24,543
24,541
24,538
24,535
24,533
24,530
24,527
24,525
24,522
24,519
24,516
24,514
24,511
24,508
24,506
24,503
24,500
24,497
24,495
24,492
24,489
24,487
24,484
24,481
24,478
24,476
24,473
24,470
24,468
24,465
24,462
24,460
24,457
24,454
24,451
24,449
24,446
24,443
24,441
24,438
24,435
24,432
24,430
24,427
24,424
24,422
24,419
24,416
24,413
24,411
24,408
24,405
24,403
24,400
24,397
24,394
24,392
24,389
24,386
24,384
24,381
24,378
24,376
24,373
24,370
24,367
24,365
24,362
24,359
24,357
24,354
24,351
24,348
24,346
24,343
24,340
24,338
24,335
24,332
24,329
24,327
24,324
24,321
24,319
24,316
24,313
24,311
24,308
24,305
24,302
24,300
24,297
24,294
24,292
24,289
24,286
24,283
24,281
24,278
24,275
24,273
24,270
24,267
24,264
24,262
24,259
24,256
24,254
24,251
24,248
24,245
24,243
24,240
24,237
24,235
24,232
24,229
24,227
24,224
24,221
24,218
24,216
24,213
24,210
24,208
24,205
24,202
24,199
24,197
24,194
24,167
24,165
24,162
24,159
24,156
24,154
24,151
24,148
24,146
24,143
24,140
24,138
24,135
24,132
24,129
24,127
24,124
24,121
24,119
24,116
24,113
24,110
24,108
24,105
24,102
24,100
24,97
24,94
24,91
24,89
24,86
24,83
24,81
24,78
24,75
0,274
0,332
0,273
0,331
0,272
0,736
0,271
0,735
0,270
0,330
0,269
0,329
0,268
0,267
0,734
0,266
0,733
0,265
0,732
0,264
0,731
0,263
0,730
0,262
0,327
0,261
0,328
0,260
0,729
0,259
0,728
0,258
0,324
0,257
0,767
0,256
0,766
0,255
0,727
0,254
0,726
0,253
0,725
0,252
0,724
0,251
0,723
0,250
0,765
0,249
0,764
0,248
0,722
0,247
0,721
0,246
0,762
0,245
0,763
0,244
0,761
0,242
0,720
0,241
0,719
0,240
0,718
0,239
0,717
0,238
0,716
0,237
0,236
0,715
0,235
0,714
0,234
0,713
0,233
0,760
0,232
0,712
0,231
0,711
0,230
0,710
0,229
0,709
0,228
0,758
0,227
0,708
0,226
0,707
0,225
0,706
0,224
0,705
0,223
0,704
0,222
0,383
0,221
0,341
0,220
0,382
0,219
0,381
0,218
0,380
0,217
0,379
0,216
0,378
0,215
0,377
0,214
0,757
0,213
0,376
0,212
0,375
0,211
0,374
0,210
0,373
0,209
0,756
0,208
0,372
0,207
0,371
0,206
0,370
0,205
0,369
0,204
0,368
0,203
0,367
0,202
0,755
0,201
0,366
0,200
0,365
0,199
0,364
0,198
0,363
0,197
0,754
0,196
0,362
0,195
0,361
0,194
0,360
0,193
0,359
0,192
0,358
0,63
0,326
0,62
0,325
0,61
0,340
0,60
0,339
0,59
0,323
0,58
0,321
0,57
0,320
0,56
0,319
0,55
0,318
0,54
0,317
0,53
0,316
0,52
0,315
0,51
0,314
0,50
0,313
0,49
0,312
0,48
0,311
0,47
0,309
0,46
0,306
0,45
0,301
0,6
0,5
0,1
0,11
0,4
0,2
0,3
0,7
